255 255 255 255 255 255 255 255 255 255 255 255 255 255 255 255
255 242 199 199 200 228 245 255 204 250 199 200 199 199 242 255
255 199 254 247  92 137  75  23  27  75 120  92 247 254 199 255
255 199 247   0  92 245 207   2 217  74 239  92   0 247 199 255
255 200  92  92  40  76 118 228 228  37 163  40  92  92 200 255
255 255   4 138 125  70  62 108 231 196 119   3 237 135 228 255
255 239 232 222 118  24  71 255 215 238  99 120 202 232 214 255
255 204  27  43 157 146  88 211 233  49 122 100 234 250 199 255
255 255 251  43 160  23 215   2 233  67   0  94  39 250 249 255
255 239 229  31  62  62 154   4 218 179 158 201  68 229 199 255
255 228 135 125  76 126  27 120 135 149   0  41 122   4 255 255
255 200  92  92  40 209  29  12   8 238  78 151   8 160 218 255
255 199 247   0  92 137  61   0 217 200  23  25  37   7 251 255
255 199 254 247  92   4 235 223 228  73 120 252 230 243 254 255
255 242 199 199 200 228 199 255 204 250 225 234 203 254 242 255
255 255 255 255 255 255 255 255 255 255 255 255 255 255 255 255
255 255 255 255 255 255 255 255 255 255 255 255 255 255 255 255
255 242 199 199 200 228 245 255 204 250 199 200 199 199 242 255
255 199 254 247  92 137  75  23  27  75 120  92 247 254 199 255
255 199 247   0  92 245 207   2 217  74 239  92   0 247 199 255
255 200  92  92  40  76 118 228 228  37 163  40  92  92 200 255
255 255   4 138 125  70  62 108 231 196 119   3 237 135 228 255
255 239 232 222 118  24  71 255 215 238  99 120 202 232 214 255
255 204  27  43 157 146  88 211 233  49 122 100 234 250 199 255
255 255 251  43 160  23 215   2 233  67   0  94  39 250 249 255
255 239 229  31  62  62 154   4 218 179 158 201  68 229 199 255
255 228 135 125  76 126  27 120 135 149   0  41 122   4 255 255
255 200  92  92  40 209  29  12   8 238  78 151   8 160 218 255
255 199 247   0  92 137  61   0 217 200  23  25  37   7 251 255
255 199 254 247  92   4 235 223 228  73 120 252 230 243 254 255
255 242 199 199 200 228 199 255 204 250 225 234 203 254 242 255
255 255 255 255 255 255 255 255 255 255 255 255 255 255 255 255
255 255 255 255 255 255 255 255 255 255 255 255 255 255 255 255
255 242 199 199 200 228 245 255 204 250 199 200 199 199 242 255
255 199 254 247  92 137  75  23  27  75 120  92 247 254 199 255
255 199 247   0  92 245 207   2 217  74 239  92   0 247 199 255
255 200  92  92  40  76 118 228 228  37 163  40  92  92 200 255
255 255   4 138 125  70  62 108 231 196 119   3 237 135 228 255
255 239 232 222 118  24  71 255 215 238  99 120 202 232 214 255
255 204  27  43 157 146  88 211 233  49 122 100 234 250 199 255
255 255 251  43 160  23 215   2 233  67   0  94  39 250 249 255
255 239 229  31  62  62 154   4 218 179 158 201  68 229 199 255
255 228 135 125  76 126  27 120 135 149   0  41 122   4 255 255
255 200  92  92  40 209  29  12   8 238  78 151   8 160 218 255
255 199 247   0  92 137  61   0 217 200  23  25  37   7 251 255
255 199 254 247  92   4 235 223 228  73 120 252 230 243 254 255
255 242 199 199 200 228 199 255 204 250 225 234 203 254 242 255
255 255 255 255 255 255 255 255 255 255 255 255 255 255 255 255

255 255 255 255 255 255 255 255 255 255 255 255 255 255 255 255
255 242 199 199 200 228 214 199 249 199 255 218 251 254 242 255
255 199 254 247  92 135 232 250 250 229   4 160   7 243 254 255
255 199 247   0  92 237 202 234  39  68 122   8  37 230 203 255
255 200  92  92  40   3 120 100  94 201  41 151  25 252 234 255
255 199 120 239 163 119  99 122   0 158   0  78  23 120 225 255
255 250  75  74  37 196 238  49  67 179 149 238 200  73 250 255
255 204  27 217 228 231 215 233 233 218 135   8 217 228 204 255
255 255  23   2 228 108 255 211   2   4 120  12   0 223 255 255
255 245  75 207 118  62  71  88 215 154  27  29  61 235 199 255
255 228 137 245  76  70  24 146  23  62 126 209 137   4 228 255
255 200  92  92  40 125 118 157 160  62  76  40  92  92 200 255
255 199 247   0  92 138 222  43  43  31 125  92   0 247 199 255
255 199 254 247  92   4 232  27 251 229 135  92 247 254 199 255
255 242 199 199 200 255 239 204 255 239 228 200 199 199 242 255
255 255 255 255 255 255 255 255 255 255 255 255 255 255 255 255
255 255 255 255 255 255 255 255 255 255 255 255 255 255 255 255
255 242 199 199 200 228 214 199 249 199 255 218 251 254 242 255
255 199 254 247  92 135 232 250 250 229   4 160   7 243 254 255
255 199 247   0  92 237 202 234  39  68 122   8  37 230 203 255
255 200  92  92  40   3 120 100  94 201  41 151  25 252 234 255
255 199 120 239 163 119  99 122   0 158   0  78  23 120 225 255
255 250  75  74  37 196 238  49  67 179 149 238 200  73 250 255
255 204  27 217 228 231 215 233 233 218 135   8 217 228 204 255
255 255  23   2 228 108 255 211   2   4 120  12   0 223 255 255
255 245  75 207 118  62  71  88 215 154  27  29  61 235 199 255
255 228 137 245  76  70  24 146  23  62 126 209 137   4 228 255
255 200  92  92  40 125 118 157 160  62  76  40  92  92 200 255
255 199 247   0  92 138 222  43  43  31 125  92   0 247 199 255
255 199 254 247  92   4 232  27 251 229 135  92 247 254 199 255
255 242 199 199 200 255 239 204 255 239 228 200 199 199 242 255
255 255 255 255 255 255 255 255 255 255 255 255 255 255 255 255
255 255 255 255 255 255 255 255 255 255 255 255 255 255 255 255
255 242 199 199 200 228 214 199 249 199 255 218 251 254 242 255
255 199 254 247  92 135 232 250 250 229   4 160   7 243 254 255
255 199 247   0  92 237 202 234  39  68 122   8  37 230 203 255
255 200  92  92  40   3 120 100  94 201  41 151  25 252 234 255
255 199 120 239 163 119  99 122   0 158   0  78  23 120 225 255
255 250  75  74  37 196 238  49  67 179 149 238 200  73 250 255
255 204  27 217 228 231 215 233 233 218 135   8 217 228 204 255
255 255  23   2 228 108 255 211   2   4 120  12   0 223 255 255
255 245  75 207 118  62  71  88 215 154  27  29  61 235 199 255
255 228 137 245  76  70  24 146  23  62 126 209 137   4 228 255
255 200  92  92  40 125 118 157 160  62  76  40  92  92 200 255
255 199 247   0  92 138 222  43  43  31 125  92   0 247 199 255
255 199 254 247  92   4 232  27 251 229 135  92 247 254 199 255
255 242 199 199 200 255 239 204 255 239 228 200 199 199 242 255
255 255 255 255 255 255 255 255 255 255 255 255 255 255 255 255

255 255 255 255 255 255 255 255 255 255 255 255 255 255 255 255
255 242 252 200 223 218 242 203 235 196 226 207 198 198 242 255
255 238 183 175 216 133 112 194 128 218  65 152 188 239 210 255
255 243  62  48  27  23 164 216  74  76 158 151  10 200 210 255
255 211 119  13 203 108 199  63  86  98 171 135 141 142 218 255
255 239  64 105  66  18 144  83 109  70  98  77 151 120 232 255
255 198 185 121 166 165 137 139  24 103 118 119  65 172 231 255
255 231 195 105  87  45  84 168  81 181  92 158 110 201 240 255
255 212 192 220 103 130 120 175 238 117 104  93  27  54 206 255
255 221 191 171  99  97 224 165 251 111  55 155 196 215 235 255
255 230 179 224  90 125 157 173 101 112  94 170 165  36 249 255
255 207 152 151 135 159  78 143 132 163  76 136 151 152 217 255
255 198 188  10 141 236 110 151  81 190 232 151   9 200 210 255
255 198 239 200 142 118 132 118  88 111 181 152 200 242 210 255
255 242 210 210 218 213 243 211 250 237 235 217 210 210 245 255
255 255 255 255 255 255 255 255 255 255 255 255 255 255 255 255
255 255 255 255 255 255 255 255 255 255 255 255 255 255 255 255
255 242 252 200 223 218 242 203 235 196 226 207 198 198 242 255
255 238 183 175 216 133 112 194 128 218  65 152 188 239 210 255
255 243  62  48  27  23 164 216  74  76 158 151  10 200 210 255
255 211 119  13 203 108 199  63  86  98 171 135 141 142 218 255
255 239  64 105  66  18 144  83 109  70  98  77 151 120 232 255
255 198 185 121 166 165 137 139  24 103 118 119  65 172 231 255
255 231 195 105  87  45  84 168  81 181  92 158 110 201 240 255
255 212 192 220 103 130 120 175 238 117 104  93  27  54 206 255
255 221 191 171  99  97 224 165 251 111  55 155 196 215 235 255
255 230 179 224  90 125 157 173 101 112  94 170 165  36 249 255
255 207 152 151 135 159  78 143 132 163  76 136 151 152 217 255
255 198 188  10 141 236 110 151  81 190 232 151   9 200 210 255
255 198 239 200 142 118 132 118  88 111 181 152 200 242 210 255
255 242 210 210 218 213 243 211 250 237 235 217 210 210 245 255
255 255 255 255 255 255 255 255 255 255 255 255 255 255 255 255
255 255 255 255 255 255 255 255 255 255 255 255 255 255 255 255
255 242 252 200 223 218 242 203 235 196 226 207 198 198 242 255
255 238 183 175 216 133 112 194 128 218  65 152 188 239 210 255
255 243  62  48  27  23 164 216  74  76 158 151  10 200 210 255
255 211 119  13 203 108 199  63  86  98 171 135 141 142 218 255
255 239  64 105  66  18 144  83 109  70  98  77 151 120 232 255
255 198 185 121 166 165 137 139  24 103 118 119  65 172 231 255
255 231 195 105  87  45  84 168  81 181  92 158 110 201 240 255
255 212 192 220 103 130 120 175 238 117 104  93  27  54 206 255
255 221 191 171  99  97 224 165 251 111  55 155 196 215 235 255
255 230 179 224  90 125 157 173 101 112  94 170 165  36 249 255
255 207 152 151 135 159  78 143 132 163  76 136 151 152 217 255
255 198 188  10 141 236 110 151  81 190 232 151   9 200 210 255
255 198 239 200 142 118 132 118  88 111 181 152 200 242 210 255
255 242 210 210 218 213 243 211 250 237 235 217 210 210 245 255
255 255 255 255 255 255 255 255 255 255 255 255 255 255 255 255

255 255 255 255 255 255 255 255 255 255 255 255 255 255 255 255
255 242 205 205 213 231 229 238 201 231 249 213 205 205 242 255
255 205 239 195 147 127 172 199  62 210  38 147 195 239 205 255
255 205 195  10 147 148  60 104  31 195 161 147  10 195 205 255
255 213 147 147 135  79 117 162 100 152 170 135 147 147 213 255
255 228  62 152 169  99 113  85 104  57  88  79 235 177 231 255
255 203 215  86 101  75 100 178 126 117 114 160 189 120 234 255
255 238 129  72  86 108  25  79 231 252 103 128  80  93 250 255
255 208 201 221  65  86 143 171 180 162 181 145 156 116 204 255
255 244 108 165 200 149 143  81 118 227 162  81 108 131 243 255
255 221 129  27 102  18 167  44 130  92 123 154 240 117 207 255
255 226 219  30 208  70 173  88 109  91  86 135 147 147 213 255
255 207 178  54  16 101 115 104 216 168 221 147  10 195 205 255
255 254 192  55 119  63 190 197 196 192 176 147 195 239 205 255
255 245 241 244 218 240 205 235 217 226 232 213 205 205 242 255
255 255 255 255 255 255 255 255 255 255 255 255 255 255 255 255
255 255 255 255 255 255 255 255 255 255 255 255 255 255 255 255
255 242 205 205 213 231 229 238 201 231 249 213 205 205 242 255
255 205 239 195 147 127 172 199  62 210  38 147 195 239 205 255
255 205 195  10 147 148  60 104  31 195 161 147  10 195 205 255
255 213 147 147 135  79 117 162 100 152 170 135 147 147 213 255
255 228  62 152 169  99 113  85 104  57  88  79 235 177 231 255
255 203 215  86 101  75 100 178 126 117 114 160 189 120 234 255
255 238 129  72  86 108  25  79 231 252 103 128  80  93 250 255
255 208 201 221  65  86 143 171 180 162 181 145 156 116 204 255
255 244 108 165 200 149 143  81 118 227 162  81 108 131 243 255
255 221 129  27 102  18 167  44 130  92 123 154 240 117 207 255
255 226 219  30 208  70 173  88 109  91  86 135 147 147 213 255
255 207 178  54  16 101 115 104 216 168 221 147  10 195 205 255
255 254 192  55 119  63 190 197 196 192 176 147 195 239 205 255
255 245 241 244 218 240 205 235 217 226 232 213 205 205 242 255
255 255 255 255 255 255 255 255 255 255 255 255 255 255 255 255
255 255 255 255 255 255 255 255 255 255 255 255 255 255 255 255
255 242 205 205 213 231 229 238 201 231 249 213 205 205 242 255
255 205 239 195 147 127 172 199  62 210  38 147 195 239 205 255
255 205 195  10 147 148  60 104  31 195 161 147  10 195 205 255
255 213 147 147 135  79 117 162 100 152 170 135 147 147 213 255
255 228  62 152 169  99 113  85 104  57  88  79 235 177 231 255
255 203 215  86 101  75 100 178 126 117 114 160 189 120 234 255
255 238 129  72  86 108  25  79 231 252 103 128  80  93 250 255
255 208 201 221  65  86 143 171 180 162 181 145 156 116 204 255
255 244 108 165 200 149 143  81 118 227 162  81 108 131 243 255
255 221 129  27 102  18 167  44 130  92 123 154 240 117 207 255
255 226 219  30 208  70 173  88 109  91  86 135 147 147 213 255
255 207 178  54  16 101 115 104 216 168 221 147  10 195 205 255
255 254 192  55 119  63 190 197 196 192 176 147 195 239 205 255
255 245 241 244 218 240 205 235 217 226 232 213 205 205 242 255
255 255 255 255 255 255 255 255 255 255 255 255 255 255 255 255
